image: wh_map_1cm_res.pgm
resolution: 0.010000
origin: [-20.484999, -20.484999, 0.000000]
negate: 0
occupied_thresh: 0.65
free_thresh: 0.196

