image: wh_map2.pgm
resolution: 0.05
origin: [-51.224998, -51.224998, 0.0]
negate: 0
occupied_thresh: 0.65
free_thresh: 0.196
